###### WINE ######

#############################################################################
Test case for 0 ID3 trees and 10 SVM classifiers with regularisation parameter 0.5

Mean Accuracy: 0.5100
Standard Deviation: 0.0398
Best Score: 0.5546
Worst Score: 0.4410

Confusion Matrix:
------------------------------------------------------------------------------------------------------------------
|  Predicted \ Actual  |   1    |   2    |   3    |   4    |   5    |   6    |   7    |   8    |   9    |   10   |
------------------------------------------------------------------------------------------------------------------
|          1           |   0    |   0    |   0    |   0    |   0    |   0    |   0    |   0    |   0    |   0    |
------------------------------------------------------------------------------------------------------------------
|          2           |   0    |   0    |   0    |   0    |   0    |   0    |   0    |   0    |   0    |   0    |
------------------------------------------------------------------------------------------------------------------
|          3           |   0    |   0    |   0    |   0    |   0    |   6    |   0    |   0    |   0    |   0    |
------------------------------------------------------------------------------------------------------------------
|          4           |   0    |   0    |   0    |   0    |   14   |   27   |   0    |   0    |   0    |   0    |
------------------------------------------------------------------------------------------------------------------
|          5           |   0    |   0    |   0    |   0    |  201   |  275   |   0    |   0    |   0    |   0    |
------------------------------------------------------------------------------------------------------------------
|          6           |   0    |   0    |   0    |   0    |   79   |  383   |   0    |   0    |   0    |   0    |
------------------------------------------------------------------------------------------------------------------
|          7           |   0    |   0    |   0    |   0    |   12   |  138   |   0    |   0    |   0    |   0    |
------------------------------------------------------------------------------------------------------------------
|          8           |   0    |   0    |   0    |   0    |   0    |   10   |   0    |   0    |   0    |   0    |
------------------------------------------------------------------------------------------------------------------
|          9           |   0    |   0    |   0    |   0    |   0    |   0    |   0    |   0    |   0    |   0    |
------------------------------------------------------------------------------------------------------------------
|          10          |   0    |   0    |   0    |   0    |   0    |   0    |   0    |   0    |   0    |   0    |
------------------------------------------------------------------------------------------------------------------

Recall score: 0.2254
Precision score: 0.2017
F1 score: 0.1986


#############################################################################
Test case for 0 ID3 trees and 10 SVM classifiers with regularisation parameter 1

Mean Accuracy: 0.5092
Standard Deviation: 0.0435
Best Score: 0.5677
Worst Score: 0.4498

Confusion Matrix:
------------------------------------------------------------------------------------------------------------------
|  Predicted \ Actual  |   1    |   2    |   3    |   4    |   5    |   6    |   7    |   8    |   9    |   10   |
------------------------------------------------------------------------------------------------------------------
|          1           |   0    |   0    |   0    |   0    |   0    |   0    |   0    |   0    |   0    |   0    |
------------------------------------------------------------------------------------------------------------------
|          2           |   0    |   0    |   0    |   0    |   0    |   0    |   0    |   0    |   0    |   0    |
------------------------------------------------------------------------------------------------------------------
|          3           |   0    |   0    |   0    |   0    |   0    |   6    |   0    |   0    |   0    |   0    |
------------------------------------------------------------------------------------------------------------------
|          4           |   0    |   0    |   0    |   0    |   13   |   28   |   0    |   0    |   0    |   0    |
------------------------------------------------------------------------------------------------------------------
|          5           |   0    |   0    |   0    |   0    |  203   |  273   |   0    |   0    |   0    |   0    |
------------------------------------------------------------------------------------------------------------------
|          6           |   0    |   0    |   0    |   0    |   85   |  377   |   0    |   0    |   0    |   0    |
------------------------------------------------------------------------------------------------------------------
|          7           |   0    |   0    |   0    |   0    |   10   |  137   |   3    |   0    |   0    |   0    |
------------------------------------------------------------------------------------------------------------------
|          8           |   0    |   0    |   0    |   0    |   0    |   10   |   0    |   0    |   0    |   0    |
------------------------------------------------------------------------------------------------------------------
|          9           |   0    |   0    |   0    |   0    |   0    |   0    |   0    |   0    |   0    |   0    |
------------------------------------------------------------------------------------------------------------------
|          10          |   0    |   0    |   0    |   0    |   0    |   0    |   0    |   0    |   0    |   0    |
------------------------------------------------------------------------------------------------------------------

Recall score: 0.2277
Precision score: 0.3142
F1 score: 0.2048


#############################################################################
Test case for 0 ID3 trees and 10 SVM classifiers with regularisation parameter 5

Mean Accuracy: 0.5345
Standard Deviation: 0.0532
Best Score: 0.6070
Worst Score: 0.4498

Confusion Matrix:
------------------------------------------------------------------------------------------------------------------
|  Predicted \ Actual  |   1    |   2    |   3    |   4    |   5    |   6    |   7    |   8    |   9    |   10   |
------------------------------------------------------------------------------------------------------------------
|          1           |   0    |   0    |   0    |   0    |   0    |   0    |   0    |   0    |   0    |   0    |
------------------------------------------------------------------------------------------------------------------
|          2           |   0    |   0    |   0    |   0    |   0    |   0    |   0    |   0    |   0    |   0    |
------------------------------------------------------------------------------------------------------------------
|          3           |   0    |   0    |   0    |   0    |   2    |   4    |   0    |   0    |   0    |   0    |
------------------------------------------------------------------------------------------------------------------
|          4           |   0    |   0    |   0    |   0    |   17   |   24   |   0    |   0    |   0    |   0    |
------------------------------------------------------------------------------------------------------------------
|          5           |   0    |   0    |   0    |   0    |  300   |  176   |   0    |   0    |   0    |   0    |
------------------------------------------------------------------------------------------------------------------
|          6           |   0    |   0    |   0    |   0    |  153   |  309   |   0    |   0    |   0    |   0    |
------------------------------------------------------------------------------------------------------------------
|          7           |   0    |   0    |   0    |   0    |   11   |  136   |   3    |   0    |   0    |   0    |
------------------------------------------------------------------------------------------------------------------
|          8           |   0    |   0    |   0    |   0    |   1    |   9    |   0    |   0    |   0    |   0    |
------------------------------------------------------------------------------------------------------------------
|          9           |   0    |   0    |   0    |   0    |   0    |   0    |   0    |   0    |   0    |   0    |
------------------------------------------------------------------------------------------------------------------
|          10          |   0    |   0    |   0    |   0    |   0    |   0    |   0    |   0    |   0    |   0    |
------------------------------------------------------------------------------------------------------------------

Recall score: 0.2380
Precision score: 0.3110
F1 score: 0.2186


#############################################################################
Test case for 2 ID3 trees and 8 SVM classifiers with regularisation parameter 0.5

Mean Accuracy: 0.5083
Standard Deviation: 0.0363
Best Score: 0.5459
Worst Score: 0.4410

Confusion Matrix:
------------------------------------------------------------------------------------------------------------------
|  Predicted \ Actual  |   1    |   2    |   3    |   4    |   5    |   6    |   7    |   8    |   9    |   10   |
------------------------------------------------------------------------------------------------------------------
|          1           |   0    |   0    |   0    |   0    |   0    |   0    |   0    |   0    |   0    |   0    |
------------------------------------------------------------------------------------------------------------------
|          2           |   0    |   0    |   0    |   0    |   0    |   0    |   0    |   0    |   0    |   0    |
------------------------------------------------------------------------------------------------------------------
|          3           |   0    |   0    |   0    |   0    |   0    |   6    |   0    |   0    |   0    |   0    |
------------------------------------------------------------------------------------------------------------------
|          4           |   0    |   0    |   0    |   0    |   13   |   28   |   0    |   0    |   0    |   0    |
------------------------------------------------------------------------------------------------------------------
|          5           |   0    |   0    |   0    |   0    |  186   |  290   |   0    |   0    |   0    |   0    |
------------------------------------------------------------------------------------------------------------------
|          6           |   0    |   0    |   0    |   0    |   66   |  396   |   0    |   0    |   0    |   0    |
------------------------------------------------------------------------------------------------------------------
|          7           |   0    |   0    |   0    |   0    |   10   |  140   |   0    |   0    |   0    |   0    |
------------------------------------------------------------------------------------------------------------------
|          8           |   0    |   0    |   0    |   0    |   0    |   10   |   0    |   0    |   0    |   0    |
------------------------------------------------------------------------------------------------------------------
|          9           |   0    |   0    |   0    |   0    |   0    |   0    |   0    |   0    |   0    |   0    |
------------------------------------------------------------------------------------------------------------------
|          10          |   0    |   0    |   0    |   0    |   0    |   0    |   0    |   0    |   0    |   0    |
------------------------------------------------------------------------------------------------------------------

Recall score: 0.2248
Precision score: 0.2047
F1 score: 0.1963


#############################################################################
Test case for 2 ID3 trees and 8 SVM classifiers with regularisation parameter 1

Mean Accuracy: 0.5162
Standard Deviation: 0.0402
Best Score: 0.5590
Worst Score: 0.4498

Confusion Matrix:
------------------------------------------------------------------------------------------------------------------
|  Predicted \ Actual  |   1    |   2    |   3    |   4    |   5    |   6    |   7    |   8    |   9    |   10   |
------------------------------------------------------------------------------------------------------------------
|          1           |   0    |   0    |   0    |   0    |   0    |   0    |   0    |   0    |   0    |   0    |
------------------------------------------------------------------------------------------------------------------
|          2           |   0    |   0    |   0    |   0    |   0    |   0    |   0    |   0    |   0    |   0    |
------------------------------------------------------------------------------------------------------------------
|          3           |   0    |   0    |   0    |   0    |   0    |   6    |   0    |   0    |   0    |   0    |
------------------------------------------------------------------------------------------------------------------
|          4           |   0    |   0    |   0    |   0    |   15   |   26   |   0    |   0    |   0    |   0    |
------------------------------------------------------------------------------------------------------------------
|          5           |   0    |   0    |   0    |   0    |  219   |  257   |   0    |   0    |   0    |   0    |
------------------------------------------------------------------------------------------------------------------
|          6           |   0    |   0    |   0    |   0    |   92   |  370   |   0    |   0    |   0    |   0    |
------------------------------------------------------------------------------------------------------------------
|          7           |   0    |   0    |   0    |   0    |   12   |  136   |   2    |   0    |   0    |   0    |
------------------------------------------------------------------------------------------------------------------
|          8           |   0    |   0    |   0    |   0    |   0    |   10   |   0    |   0    |   0    |   0    |
------------------------------------------------------------------------------------------------------------------
|          9           |   0    |   0    |   0    |   0    |   0    |   0    |   0    |   0    |   0    |   0    |
------------------------------------------------------------------------------------------------------------------
|          10          |   0    |   0    |   0    |   0    |   0    |   0    |   0    |   0    |   0    |   0    |
------------------------------------------------------------------------------------------------------------------

Recall score: 0.2294
Precision score: 0.2736
F1 score: 0.2059


#############################################################################
Test case for 2 ID3 trees and 8 SVM classifiers with regularisation parameter 5

Mean Accuracy: 0.5345
Standard Deviation: 0.0394
Best Score: 0.5939
Worst Score: 0.4934

Confusion Matrix:
------------------------------------------------------------------------------------------------------------------
|  Predicted \ Actual  |   1    |   2    |   3    |   4    |   5    |   6    |   7    |   8    |   9    |   10   |
------------------------------------------------------------------------------------------------------------------
|          1           |   0    |   0    |   0    |   0    |   0    |   0    |   0    |   0    |   0    |   0    |
------------------------------------------------------------------------------------------------------------------
|          2           |   0    |   0    |   0    |   0    |   0    |   0    |   0    |   0    |   0    |   0    |
------------------------------------------------------------------------------------------------------------------
|          3           |   0    |   0    |   0    |   0    |   1    |   5    |   0    |   0    |   0    |   0    |
------------------------------------------------------------------------------------------------------------------
|          4           |   0    |   0    |   0    |   0    |   18   |   23   |   0    |   0    |   0    |   0    |
------------------------------------------------------------------------------------------------------------------
|          5           |   0    |   0    |   0    |   0    |  311   |  165   |   0    |   0    |   0    |   0    |
------------------------------------------------------------------------------------------------------------------
|          6           |   0    |   0    |   0    |   0    |  164   |  298   |   0    |   0    |   0    |   0    |
------------------------------------------------------------------------------------------------------------------
|          7           |   0    |   0    |   0    |   0    |   7    |  140   |   3    |   0    |   0    |   0    |
------------------------------------------------------------------------------------------------------------------
|          8           |   0    |   0    |   0    |   0    |   0    |   10   |   0    |   0    |   0    |   0    |
------------------------------------------------------------------------------------------------------------------
|          9           |   0    |   0    |   0    |   0    |   0    |   0    |   0    |   0    |   0    |   0    |
------------------------------------------------------------------------------------------------------------------
|          10          |   0    |   0    |   0    |   0    |   0    |   0    |   0    |   0    |   0    |   0    |
------------------------------------------------------------------------------------------------------------------

Recall score: 0.2370
Precision score: 0.3090
F1 score: 0.2185


#############################################################################
Test case for 5 ID3 trees and 5 SVM classifiers with regularisation parameter 0.5

Mean Accuracy: 0.5336
Standard Deviation: 0.0568
Best Score: 0.6157
Worst Score: 0.4410

Confusion Matrix:
------------------------------------------------------------------------------------------------------------------
|  Predicted \ Actual  |   1    |   2    |   3    |   4    |   5    |   6    |   7    |   8    |   9    |   10   |
------------------------------------------------------------------------------------------------------------------
|          1           |   0    |   0    |   0    |   0    |   0    |   0    |   0    |   0    |   0    |   0    |
------------------------------------------------------------------------------------------------------------------
|          2           |   0    |   0    |   0    |   0    |   0    |   0    |   0    |   0    |   0    |   0    |
------------------------------------------------------------------------------------------------------------------
|          3           |   0    |   0    |   0    |   0    |   0    |   6    |   0    |   0    |   0    |   0    |
------------------------------------------------------------------------------------------------------------------
|          4           |   0    |   0    |   0    |   0    |   15   |   26   |   0    |   0    |   0    |   0    |
------------------------------------------------------------------------------------------------------------------
|          5           |   0    |   0    |   0    |   0    |  252   |  224   |   0    |   0    |   0    |   0    |
------------------------------------------------------------------------------------------------------------------
|          6           |   0    |   0    |   0    |   0    |  104   |  358   |   0    |   0    |   0    |   0    |
------------------------------------------------------------------------------------------------------------------
|          7           |   0    |   0    |   0    |   0    |   10   |  139   |   1    |   0    |   0    |   0    |
------------------------------------------------------------------------------------------------------------------
|          8           |   0    |   0    |   0    |   0    |   0    |   10   |   0    |   0    |   0    |   0    |
------------------------------------------------------------------------------------------------------------------
|          9           |   0    |   0    |   0    |   0    |   0    |   0    |   0    |   0    |   0    |   0    |
------------------------------------------------------------------------------------------------------------------
|          10          |   0    |   0    |   0    |   0    |   0    |   0    |   0    |   0    |   0    |   0    |
------------------------------------------------------------------------------------------------------------------

Recall score: 0.2361
Precision score: 0.2441
F1 score: 0.2128


#############################################################################
Test case for 5 ID3 trees and 5 SVM classifiers with regularisation parameter 1

Mean Accuracy: 0.5424
Standard Deviation: 0.0328
Best Score: 0.6070
Worst Score: 0.5197

Confusion Matrix:
------------------------------------------------------------------------------------------------------------------
|  Predicted \ Actual  |   1    |   2    |   3    |   4    |   5    |   6    |   7    |   8    |   9    |   10   |
------------------------------------------------------------------------------------------------------------------
|          1           |   0    |   0    |   0    |   0    |   0    |   0    |   0    |   0    |   0    |   0    |
------------------------------------------------------------------------------------------------------------------
|          2           |   0    |   0    |   0    |   0    |   0    |   0    |   0    |   0    |   0    |   0    |
------------------------------------------------------------------------------------------------------------------
|          3           |   0    |   0    |   0    |   0    |   0    |   6    |   0    |   0    |   0    |   0    |
------------------------------------------------------------------------------------------------------------------
|          4           |   0    |   0    |   0    |   0    |   19   |   22   |   0    |   0    |   0    |   0    |
------------------------------------------------------------------------------------------------------------------
|          5           |   0    |   0    |   0    |   0    |  300   |  176   |   0    |   0    |   0    |   0    |
------------------------------------------------------------------------------------------------------------------
|          6           |   0    |   0    |   0    |   0    |  143   |  319   |   0    |   0    |   0    |   0    |
------------------------------------------------------------------------------------------------------------------
|          7           |   0    |   0    |   0    |   0    |   10   |  138   |   2    |   0    |   0    |   0    |
------------------------------------------------------------------------------------------------------------------
|          8           |   0    |   0    |   0    |   0    |   0    |   10   |   0    |   0    |   0    |   0    |
------------------------------------------------------------------------------------------------------------------
|          9           |   0    |   0    |   0    |   0    |   0    |   0    |   0    |   0    |   0    |   0    |
------------------------------------------------------------------------------------------------------------------
|          10          |   0    |   0    |   0    |   0    |   0    |   0    |   0    |   0    |   0    |   0    |
------------------------------------------------------------------------------------------------------------------

Recall score: 0.2405
Precision score: 0.2804
F1 score: 0.2204


#############################################################################
Test case for 5 ID3 trees and 5 SVM classifiers with regularisation parameter 5

Mean Accuracy: 0.5546
Standard Deviation: 0.0448
Best Score: 0.6332
Worst Score: 0.5066

Confusion Matrix:
------------------------------------------------------------------------------------------------------------------
|  Predicted \ Actual  |   1    |   2    |   3    |   4    |   5    |   6    |   7    |   8    |   9    |   10   |
------------------------------------------------------------------------------------------------------------------
|          1           |   0    |   0    |   0    |   0    |   0    |   0    |   0    |   0    |   0    |   0    |
------------------------------------------------------------------------------------------------------------------
|          2           |   0    |   0    |   0    |   0    |   0    |   0    |   0    |   0    |   0    |   0    |
------------------------------------------------------------------------------------------------------------------
|          3           |   0    |   0    |   0    |   0    |   4    |   2    |   0    |   0    |   0    |   0    |
------------------------------------------------------------------------------------------------------------------
|          4           |   0    |   0    |   0    |   0    |   23   |   18   |   0    |   0    |   0    |   0    |
------------------------------------------------------------------------------------------------------------------
|          5           |   0    |   0    |   0    |   0    |  364   |  112   |   0    |   0    |   0    |   0    |
------------------------------------------------------------------------------------------------------------------
|          6           |   0    |   0    |   0    |   0    |  192   |  270   |   0    |   0    |   0    |   0    |
------------------------------------------------------------------------------------------------------------------
|          7           |   0    |   0    |   0    |   0    |   11   |  138   |   1    |   0    |   0    |   0    |
------------------------------------------------------------------------------------------------------------------
|          8           |   0    |   0    |   0    |   0    |   0    |   10   |   0    |   0    |   0    |   0    |
------------------------------------------------------------------------------------------------------------------
|          9           |   0    |   0    |   0    |   0    |   0    |   0    |   0    |   0    |   0    |   0    |
------------------------------------------------------------------------------------------------------------------
|          10          |   0    |   0    |   0    |   0    |   0    |   0    |   0    |   0    |   0    |   0    |
------------------------------------------------------------------------------------------------------------------

Recall score: 0.2444
Precision score: 0.2394
F1 score: 0.2215


#############################################################################
Test case for 7 ID3 trees and 3 SVM classifiers with regularisation parameter 0.5

Mean Accuracy: 0.5520
Standard Deviation: 0.0172
Best Score: 0.5852
Worst Score: 0.5371

Confusion Matrix:
------------------------------------------------------------------------------------------------------------------
|  Predicted \ Actual  |   1    |   2    |   3    |   4    |   5    |   6    |   7    |   8    |   9    |   10   |
------------------------------------------------------------------------------------------------------------------
|          1           |   0    |   0    |   0    |   0    |   0    |   0    |   0    |   0    |   0    |   0    |
------------------------------------------------------------------------------------------------------------------
|          2           |   0    |   0    |   0    |   0    |   0    |   0    |   0    |   0    |   0    |   0    |
------------------------------------------------------------------------------------------------------------------
|          3           |   0    |   0    |   0    |   0    |   3    |   3    |   0    |   0    |   0    |   0    |
------------------------------------------------------------------------------------------------------------------
|          4           |   0    |   0    |   0    |   0    |   25   |   16   |   0    |   0    |   0    |   0    |
------------------------------------------------------------------------------------------------------------------
|          5           |   0    |   0    |   0    |   0    |  362   |  114   |   0    |   0    |   0    |   0    |
------------------------------------------------------------------------------------------------------------------
|          6           |   0    |   0    |   0    |   0    |  192   |  270   |   0    |   0    |   0    |   0    |
------------------------------------------------------------------------------------------------------------------
|          7           |   0    |   0    |   0    |   0    |   15   |  135   |   0    |   0    |   0    |   0    |
------------------------------------------------------------------------------------------------------------------
|          8           |   0    |   0    |   0    |   0    |   0    |   10   |   0    |   0    |   0    |   0    |
------------------------------------------------------------------------------------------------------------------
|          9           |   0    |   0    |   0    |   0    |   0    |   0    |   0    |   0    |   0    |   0    |
------------------------------------------------------------------------------------------------------------------
|          10          |   0    |   0    |   0    |   0    |   0    |   0    |   0    |   0    |   0    |   0    |
------------------------------------------------------------------------------------------------------------------

Recall score: 0.2420
Precision score: 0.1980
F1 score: 0.2175
